TIMEOUT
19 11
19 11
20 11
20 11
20 11
20 11
20 11
20 11
20 11
19 13
20 13
20 13
21 13
21 13
21 13
21 13
21 13
21 13
18 16
18 16
19 16
19 16
19 16
18 16
19 16
19 16
19 16
20 13
21 13
22 13
21 13
22 13
21 13
21 13
21 13
21 13
22 13
22 13
22 13
22 13
22 13
22 13
22 13
22 13
21 13
21 13
22 13
22 13
22 13
22 13
13 13
14 13
14 13
14 13
14 13
14 13
14 13
14 13
17 13
20 13
21 13
21 13
21 13
21 13
21 13
19 13
21 13
21 13
19 18
20 18
20 18
20 18
21 18
21 18
21 18
20 18
21 18
21 18
21 18
21 18
21 18
21 18
21 18
21 18
21 18
21 18
21 18
21 18
21 18
21 18
21 18
13 18
14 18
13 18
14 18
13 18
13 18
13 18
12 18
17 18
7 18
9 18
9 18
9 18
10 18
9 18
9 18
9 18
9 18
15 11
19 11
20 11
20 11
14 11
20 11
20 11
20 11
21 11
21 11
21 11
20 11
20 11
21 11
21 11
21 11
20 11
20 11
20 11
21 11
21 11
20 11
21 11
20 11
12 11
13 11
13 11
13 11
14 11
12 11
13 11
10 11
20 11
20 11
20 11
20 11
20 11
20 11
19 11
20 11
21 11
18 16
19 16
12 16
18 16
19 16
19 16
18 16
18 16
19 16
19 16
19 16
19 16
19 16
18 16
18 16
18 16
18 16
19 16
19 16
19 16
15 16
19 16
19 16
12 16
12 16
12 16
12 16
12 16
12 16
11 16
4 16
16 16
18 16
18 16
17 16
19 16
18 16
18 16
18 16
18 16
19 18
19 18
20 18
7 18
20 18
20 18
20 18
20 18
20 18
