TIMEOUT
TIMEOUT
20 13
21 13
21 13
21 13
21 13
21 13
22 13
21 13
21 13
22 13
21 13
21 13
21 13
22 13
22 13
22 13
21 13
21 13
14 13
14 13
14 13
14 13
14 13
14 13
14 13
14 13
14 13
14 13
14 13
13 13
14 13
18 13
20 13
21 13
21 13
23 13
46 13
62
57 13
54
56 13
82
77 13
77
73 13
60
42 13
20
21 13
21 13
21 13
21 13
21 13
21 13
21 13
21 13
21 13
21 13
21 13
21 13
21 13
21 13
21 13
21 13
21 13
21 13
21 13
21 13
14 13
14 13
14 13
14 13
14 13
14 13
15 13
15 13
16 13
26 13
25 13
24 13
15 13
24 13
25 13
25 13
24 13
24 13
23 13
23 13
20 13
20 13
19 13
20 13
20 13
20 13
20 13
20 13
21 13
20 13
20 13
21 13
20 13
20 13
20 13
20 13
20 13
21 13
21 13
19 18
20 18
21 18
21 18
21 18
21 18
21 18
20 18
20 18
20 18
21 18
21 18
21 18
21 18
21 18
21 18
21 18
20 18
14 18
13 18
13 18
13 18
13 18
14 18
13 18
13 18
14 18
13 18
13 18
13 18
14 18
18 18
20 18
20 18
20 18
20 18
20 18
17 18
20 18
19 18
20 18
19 18
20 18
19 18
20 18
20 18
20 18
20 18
20 18
21 18
21 18
20 18
20 18
21 18
21 18
21 18
20 18
20 18
20 18
20 18
21 18
20 18
20 18
20 18
20 18
20 18
20 18
21 18
13 18
13 18
13 18
13 18
13 18
13 18
13 18
13 18
13 18
20 18
19 18
17 18
16 18
20 18
20 18
20 18
20 18
20 18
20 18
20 18
19 18
20 18
18 18
19 18
20 18
20 18
20 18
20 18
20 18
20 18
20 18
20 18
20 18
20 18
20 18
20 18
20 18
19 18
20 18
275902 11
34128
7 11
9 11
9 11
9 11
12 11
12 11
12 11
11 11
12 11
12 11
10 11
10 11
11 11
11 11
11 11
11 11
10 11
17 11
19 11
20 11
20 11
20 11
19 11
21 11
21 11
19 11
20 11
20 11
20 11
19 11
20 11
21 11
21 11
21 11
20 11
13 11
13 11
12 11
13 11
13 11
13 11
13 11
13 11
13 11
13 11
13 11
13 11
13 11
15 11
19 11
20 11
20 11
19 11
21 11
18 11
20 11
20 11
22 11
21 11
21 11
22 11
22 11
21 11
21 11
20 11
20 11
21 11
20 11
20 11
21 11
21 11
20 11
20 11
20 11
20 11
20 11
20 11
20 11
19 11
20 11
20 11
20 11
20 11
20 11
21 11
13 11
13 11
13 11
13 11
13 11
13 11
13 11
14 11
27340 11
44
45 11
256280
0 11
5 11
7 11
7 11
7 11
7 11
0 11
14 11
19 11
18 11
19 11
18 11
19 11
19 11
18 11
17 11
19 11
19 11
18 11
17 16
18 16
18 16
19 16
18 16
18 16
18 16
18 16
18 16
18 16
18 16
18 16
18 16
18 16
17 16
18 16
18 16
19 16
19 16
19 16
19 16
19 16
18 16
18 16
18 16
18 16
18 16
17 11
20 11
18 11
21 11
21 11
21 11
19 11
22 11
21 11
22 11
21 11
22 11
21 11
22 11
21 11
19 11
19 11
20 11
20 11
20 11
20 11
20 11
20 11
20 11
20 11
21 11
20 11
20 11
21 11
20 11
20 11
20 11
19 11
20 11
20 11
21 11
13 11
13 11
13 11
13 11
13 11
13 11
13 11
14 11
1892 11
13332
43 11
48
254528 11
14
20 11
19 11
20 11
20 11
20 11
20 11
20 11
20 11
20 11
20 11
20 11
19 11
19 11
15 11
20 11
0 11
20 11
20 11
20 13
21 13
21 13
22 13
36 13
61
46 13
55
53 13
86
78 13
79
86 13
65
41 13
21
20 13
21 13
21 13
21 13
21 13
21 13
21 13
21 13
21 13
21 13
21 13
21 13
21 13
20 13
21 13
21 13
21 13
21 13
21 13
21 13
14 13
13 13
14 13
13 13
14 13
14 13
14 13
15 13
18 13
24 13
25 13
22 13
24 13
24 13
24 13
25 13
24 13
24 13
24 13
23 13
18 13
20 13
18 13
20 13
20 13
20 13
20 13
20 13
19 13
20 13
20 13
20 13
20 13
20 13
21 13
21 13
21 13
20 13
20 13
18 16
18 16
19 16
18 16
18 16
19 16
19 16
16 16
18 16
18 16
19 16
19 16
19 16
18 16
19 16
18 16
18 16
19 16
12 16
12 16
12 16
12 16
12 16
12 16
12 16
12 16
12 16
12 16
12 16
11 16
5 16
17 16
18 16
18 16
18 16
19 16
19 16
17 16
18 16
17 16
18 16
17 16
18 16
18 16
18 16
18 16
18 16
18 16
18 16
18 16
19 16
18 16
18 16
19 16
12 16
18 16
18 16
18 16
18 16
18 16
18 16
19 16
18 16
19 16
19 16
18 16
19 16
11 16
12 16
12 16
12 16
12 16
12 16
12 16
12 16
12 16
11 16
15 16
17 16
17 16
18 16
18 16
19 16
18 16
19 16
18 16
18 16
18 16
11 16
18 16
17 16
17 16
17 16
18 16
18 16
18 16
18 16
18 16
18 16
18 16
18 16
18 16
12 16
13 16
18 16
18 16
18 16
18 18
19 18
20 18
20 18
20 18
20 18
19 18
20 18
20 18
19 18
20 18
15 18
20 18
20 18
19 18
20 18
19 18
20 18
20 18
14 18
20 18
20 18
20 18
20 18
20 18
20 18
20 18
20 18
15 18
15 18
20 18
9 18
20 18
20 18
20 18
20 18
13 18
13 18
13 18
12 18
13 18
13 18
12 18
11 18
12 18
20 18
18 18
15 18
17 18
20 18
20 18
21 18
20 18
20 18
20 18
20 18
19 18
19 18
19 18
18 18
19 18
20 18
19 18
19 18
20 18
19 18
20 18
20 18
19 18
18 18
18 18
19 18
19 18
19 18
16 18
19 18
25 13
25 13
26 13
25 13
25 13
24 13
24 13
23 13
20 13
20 13
19 13
20 13
20 13
20 13
21 13
20 13
20 13
20 13
20 13
20 13
18 13
20 13
14 13
20 13
21 13
21 13
21 13
19 18
20 18
20 18
20 18
20 18
20 18
20 18
20 18
20 18
20 18
19 18
20 18
20 18
20 18
20 18
20 18
20 18
20 18
20 18
20 18
20 18
20 18
20 18
20 18
20 18
20 18
20 18
17 16
18 16
18 16
19 16
18 16
17 16
18 16
18 16
18 16
18 16
18 16
18 16
18 16
18 16
18 16
18 16
18 16
19 16
19 16
19 16
19 16
19 16
19 16
19 16
19 16
18 16
18 16
19 16
18 16
19 16
19 16
19 16
19 16
19 16
19 16
19 16
12 16
12 16
12 16
12 16
12 16
12 16
12 16
12 16
12 16
18 16
15 16
15 16
18 16
18 16
18 16
19 16
18 16
18 16
18 16
18 16
17 16
18 16
17 16
18 16
18 16
18 16
18 16
18 16
18 16
18 16
18 16
18 16
18 16
18 16
18 16
19 16
19 16
18 16
19 16
